100206
100307
100408
100610
101006
101107
101309
101410
101915
102008
102109
102311
102513
102614
102715
102816
103010
103111
103212
103414
103515
103818
104012
104416
104820
105014
105115
105216
105620
105923
106016
106319
106521
106824
107018
107220
107321
107422
107725
108020
108121
108222
108323
108525
108828
109123
109325
109830
110007
110411
204218
204319
204420
204521
204622
205119
205220
205725
205826
206222
206323
206525
206727
206828
206929
207123
207426
207628
208024
208125
208226
208327
208428
208630
209127
209228
209329
209531
209834
209935
210011
210112
210415
210617
211114
211215
211316
211417
211619
211720
211821
211922
212015
212116
212217
212318
212419
212823
213017
213421